Mass Flow
    10.01000     0.00000     0.12500     0.25000     0.37500
     0.50000     0.62500     0.75000     0.87500     1.00000
     0.40000    11.79000    17.52188    19.54688    19.99406
    20.11125    20.12484    20.11313    20.09656    20.08000
     0.50000    11.77000    17.50359    19.45844    19.94703
    20.09188    20.12000    20.11313    20.09828    20.09000
     0.60000    11.75000    17.30000    19.36000    19.89000
    20.06938    20.11516    20.12000    20.12000    20.12000
     0.70000    11.73000    17.09422    19.21188    19.79156
    20.02750    20.10547    20.12000    20.12000    20.12000
     0.80000    11.71000    16.69922    19.07406    19.71172
    19.99188    20.08547    20.10000    20.10000    20.10000
     0.90000    11.69000    16.30172    18.80906    19.57922
    19.88875    20.02672    20.09375    20.10000    20.10000
     1.00000    11.69000    15.98406    18.58188    19.42656
    19.79688    19.96703    20.05063    20.07000    20.07000
     1.10000    11.71000    15.65047    18.35406    19.25672
    19.68500    19.87703    19.96750    20.00172    20.01000
     1.20000    11.73000    15.77078    18.04750    19.04125
    19.54000    19.76734    19.87438    19.92344    19.94000