Pressure Ratio
15.01000     0.00000     0.12500     0.25000     0.37500
0.50000     0.62500     0.75000     0.87500     1.00000
0.45000     0.93970     1.18240     1.28015     1.35500
1.44500     1.52260     1.58200     1.60050     1.55300
0.50000     1.02335     1.31840     1.42465     1.52275
1.64000     1.72780     1.78000     1.82790     1.80380
0.60000     1.34600     1.69920     1.87260     1.99550
2.16000     2.25790     2.35600     2.41535     2.40990
0.70000     1.78815     2.24320     2.45060     2.63600
2.82625     2.95900     3.09400     3.19230     3.20410
0.80000     2.34980     2.93680     3.21645     3.47475
3.76875     4.00210     4.19200     4.32930     4.45810
0.85000     2.67245     3.31760     3.63550     3.93225
4.27250     4.53220     4.76800     5.01150     5.35680
0.90000     3.09070     3.78000     4.12680     4.45075
4.82500     5.13070     5.43400     5.71265     6.08830
0.92000     3.25800     3.98400     4.34355     4.67950
5.08500     5.43850     5.75800     6.07270     6.54810
0.94000     3.43725     4.17440     4.54585     4.89300
5.32875     5.69500     6.04600     6.41380     6.98700
0.95500     3.55675     4.32400     4.71347     5.07600
5.50750     5.86600     6.22600     6.60330     7.21690
0.98000     3.70015     4.48720     4.89265     5.27425
5.73500     6.12250     6.49600     6.90650     7.65580
1.00000     3.73600     4.52800     4.93600     5.32000
5.80000     6.20800     6.62920     7.06568     7.94840
1.04000     3.79575     4.59600     5.00825     5.39625
5.88125     6.29350     6.73000     7.19075     8.12396
1.08000     3.85550     4.66400     5.08050     5.47250
5.96250     6.37900     6.82000     7.28550     8.24100 