Efficiency
    10.01000     0.00000     0.12500     0.25000     0.37500
     0.50000     0.62500     0.75000     0.87500     1.00000
     0.40000     0.55000     0.78391     0.75875     0.72563
     0.70625     0.68969     0.67656     0.66914     0.66500
     0.50000     0.56000     0.84375     0.77875     0.74563
     0.72625     0.70711     0.69156     0.68414     0.68000
     0.60000     0.56000     0.88977     0.82844     0.78703
     0.75938     0.74227     0.73156     0.71914     0.71500
     0.70000     0.56000     0.90297     0.89375     0.86063
     0.82750     0.80211     0.78313     0.76914     0.76500
     0.80000     0.56000     0.88414     0.91906     0.89422
     0.87075     0.85169     0.83581     0.81911     0.81000
     0.90000     0.55000     0.82519     0.92397     0.92314
     0.91063     0.89984     0.88469     0.86656     0.85000
     1.00000     0.54000     0.77945     0.89622     0.92852
     0.93194     0.92584     0.91688     0.90242     0.89000
     1.10000     0.47000     0.71656     0.86203     0.91586
     0.93463     0.93848     0.93594     0.92828     0.92000
     1.20000     0.39000     0.60672     0.79344     0.88453
     0.92200     0.93664     0.94306     0.93825     0.92500 