Efficiency
15.01000     0.00000     0.12500     0.25000     0.37500
0.50000     0.62500     0.75000     0.87500     1.00000
0.45000     0.62000     0.64000     0.64000     0.64000
0.63000     0.62000     0.60000     0.58000     0.56000
0.50000     0.63000     0.66000     0.66500     0.66000
0.64500     0.63000     0.61500     0.59500     0.58000
0.60000     0.64500     0.69000     0.70500     0.70500
0.69000     0.67000     0.65000     0.63000     0.61000
0.70000     0.66000     0.71500     0.74500     0.75500
0.75500     0.74000     0.72000     0.69500     0.66500
0.80000     0.67500     0.73500     0.77000     0.80000
0.82000     0.82000     0.80500     0.78000     0.75500
0.85000     0.68000     0.74000     0.78000     0.82000
0.86000     0.86000     0.85000     0.82000     0.80000
0.90000     0.68000     0.74500     0.78500     0.83500
0.86500     0.87500     0.87000     0.85500     0.83000
0.92000     0.68000     0.74500     0.78500     0.83500
0.87000     0.87500     0.87500     0.86500     0.84000
0.94000     0.67500     0.74000     0.78500     0.83500
0.86500     0.87500     0.87500     0.87000     0.84500
0.95500     0.67000     0.73500     0.78000     0.83000
0.86000     0.87500     0.87500     0.87000     0.84500
0.98000     0.66500     0.73000     0.77000     0.82000
0.85000     0.87000     0.87500     0.86500     0.83500
1.00000     0.65500     0.72000     0.76000     0.80500
0.84000     0.86000     0.87000     0.85000     0.82000
1.04000     0.64000     0.70000     0.73000     0.78000
0.81000     0.84000     0.85000     0.81000     0.78000
1.08000     0.62500     0.68000     0.70000     0.75000
0.78000     0.80000     0.80000     0.75000     0.72000 