Mass Flow
15.01000     0.00000     0.12500     0.25000     0.37500
0.50000     0.62500     0.75000     0.87500     1.00000
0.45000     8.20000     7.60000     7.25000     6.90000
6.50000     6.20000     5.85000     5.40000     4.40000
0.50000     8.55000     8.10000     7.75000     7.45000
7.10000     6.80000     6.40000     6.00000     5.00000
0.60000     9.90000     9.50000     9.30000     9.00000
8.70000     8.35000     8.00000     7.55000     6.45000
0.70000    11.75000    11.50000    11.30000    11.10000
10.75000    10.40000    10.05000     9.60000     8.35000
0.80000    14.10000    14.05000    13.95000    13.85000
13.65000    13.45000    13.10000    12.60000    11.35000
0.85000    15.45000    15.45000    15.40000    15.35000
15.20000    15.00000    14.70000    14.40000    13.50000
0.90000    17.20000    17.15000    17.10000    17.05000
16.90000    16.75000    16.55000    16.25000    15.25000
0.92000    17.90000    17.90000    17.85000    17.80000
17.70000    17.65000    17.45000    17.20000    16.35000
0.94000    18.65000    18.60000    18.55000    18.50000
18.45000    18.40000    18.25000    18.10000    17.40000
0.95500    19.15000    19.15000    19.13000    19.10000
19.00000    18.90000    18.75000    18.60000    17.95000
0.98000    19.75000    19.75000    19.75000    19.75000
19.70000    19.65000    19.50000    19.40000    19.00000
1.00000    19.90000    19.90000    19.90000    19.90000
19.90000    19.90000    19.87000    19.82000    19.70000
1.04000    20.15000    20.15000    20.15000    20.15000
20.15000    20.15000    20.15000    20.15000    20.12000
1.08000    20.40000    20.40000    20.40000    20.40000
20.40000    20.40000    20.40000    20.40000    20.40000 